7.292606121451028489e-02
8.493342862442643248e-02
3.983108306828142542e-02
3.950561164729182728e-02
4.069074552211693341e-02
3.858081440107319349e-02
8.383971341046436709e-02
3.878640788657816696e-02
3.341123803565904105e-02
6.491071189375263728e-02
5.390110377802670438e-02
5.728706807035888193e-02
5.006796463719376256e-02
5.634095652469028881e-02
5.667822930713550811e-02
5.345124686975011308e-02
6.541038624326300788e-02
5.730918661905204381e-02
5.121939524252250298e-02
5.330357166300481175e-02
5.406803578699193036e-02
5.733961266885934105e-02
5.181293545560283764e-02
5.685274013666929971e-02
5.581896501442573655e-02
5.939030197634453945e-02
4.910279933351169301e-02
5.216322960365715744e-02
5.861687119187641848e-02
5.759678746373719793e-02
5.787013967760312738e-02
5.754751772677801913e-02
5.767528986363634758e-02
5.198330038202014780e-02
5.233547049181619393e-02
5.562316716748272327e-02
5.941268956490064479e-02
5.630185035699464269e-02
5.933359554976058714e-02
5.625228859064268505e-02
5.559432287112409110e-02
5.987072417040628647e-02
5.871126393952030842e-02
5.559754579184483791e-02
6.292825747392061242e-02
5.319355318669083399e-02
6.380365864424397682e-02
4.567201332004788839e-02
5.835158724350819615e-02
7.471386116465905669e-02
4.623417206544289115e-02
5.757198617596026580e-02
6.139718421042483776e-02
6.138884739959504788e-02
6.135026976343460614e-02
6.352013938755518563e-02
5.522867457257629731e-02
5.562177666892698102e-02
5.697144021706401773e-02
5.989775452045209558e-02
5.934491450978196525e-02
5.707032535879152935e-02
6.380349625558767723e-02
5.641821575973793301e-02
6.343384917537664425e-02
5.546316265155959435e-02
5.824198648709133508e-02
5.911527591962262296e-02
5.934320953920535491e-02
5.647942557082619164e-02
