7.205713838885408062e-02
7.123321515838866080e-02
4.963478094757022507e-02
4.467884450429648435e-02
4.473552533704894252e-02
4.034728286565980593e-02
7.466293507164945709e-02
4.034567981220860133e-02
4.770769457360168886e-02
5.808887624684022644e-02
5.667320900669636785e-02
6.151847265662457875e-02
5.464402096988951740e-02
5.784374635881417426e-02
5.166442943831617285e-02
5.296607385648322008e-02
5.761124656784377684e-02
5.720664769498462476e-02
5.263677955830481370e-02
5.672732244144451652e-02
5.777379480507860432e-02
5.773411338519762737e-02
5.724647171538543855e-02
5.705125164636215551e-02
5.427143655095201247e-02
5.896341613709110696e-02
5.480143712084473151e-02
5.735628307535778347e-02
5.847790437326350066e-02
5.655187053741406178e-02
5.908632875779340488e-02
5.675465388582034976e-02
5.885890446627628503e-02
5.784312659998946948e-02
5.819360992123645548e-02
5.677142524835376847e-02
5.993580118088692732e-02
5.651879189269803927e-02
6.126470677290229983e-02
5.432241860961939395e-02
5.662473995864203413e-02
5.996313374572526111e-02
5.902869025746892984e-02
5.696758067286256111e-02
6.072440990932248539e-02
5.560116689072513996e-02
6.250081433082443905e-02
5.442934677388455711e-02
5.722415267256120153e-02
6.406329915825137444e-02
4.980103239878563848e-02
5.574154102676909250e-02
5.730023520254634573e-02
5.750921327219482571e-02
5.756688096989315273e-02
5.918497320041637977e-02
5.582519127241503121e-02
5.827512388739397586e-02
5.774979697540250090e-02
5.500931046091928067e-02
5.814647358601077176e-02
5.642679135695072290e-02
5.929439564001026675e-02
5.594694917295872649e-02
5.948479021020303126e-02
5.593601294553174341e-02
5.931956263552562447e-02
5.773565755547482858e-02
5.847672423071825776e-02
6.084484537078271860e-02
