5.765106151570287274e-02
6.176115614075985860e-02
4.587444962491715739e-02
4.581940448800780885e-02
5.395929864548143495e-02
4.852980589219391128e-02
5.724883311511167694e-02
4.865375675119454346e-02
5.450273217436685247e-02
5.471504934817150723e-02
5.621057335072732197e-02
4.184344949599083652e-02
4.639624223627847321e-02
4.257464653454567927e-02
4.312085599181869622e-02
4.054870974678947970e-02
4.620530214131646218e-02
6.361245679658544816e-02
5.657960432903541559e-02
5.699237316027938594e-02
5.731077076822910232e-02
5.696582911100001034e-02
5.666883000011335714e-02
5.654666074645220419e-02
5.673669596029229378e-02
5.952126805379620578e-02
6.220063075827009236e-02
6.019803700809245317e-02
5.774390313250254980e-02
5.547483358399996067e-02
5.700888598599995749e-02
5.591277636116775973e-02
5.679260249799999993e-02
5.910570005002235838e-02
5.666265941907799863e-02
5.604532756179314568e-02
5.730271350434368305e-02
5.599977601316807885e-02
5.705203033896588671e-02
5.602033625748714663e-02
5.521961350333126628e-02
5.653371735122614261e-02
5.912205938128967109e-02
5.991792172935439531e-02
5.876776494023494557e-02
5.843900000000001871e-02
5.964958249335783336e-02
5.795171026123180358e-02
6.335128993523120311e-02
6.255224913419132893e-02
5.935058458071207355e-02
5.792600000000003302e-02
5.786000000000002252e-02
5.835999999999996746e-02
5.842000000000002746e-02
5.758794241300013717e-02
5.582901323076150391e-02
5.898663847501595114e-02
5.913029053342389041e-02
6.207637930467579945e-02
6.002663986648004713e-02
5.841871511123430949e-02
5.577226812903512965e-02
5.803688393000006052e-02
5.575760973355747829e-02
5.716097281338972103e-02
5.897605349707812916e-02
5.899241015494371965e-02
5.885652919388273396e-02
6.001485996675970380e-02
