7.572835011561962482e-02
8.495462171538481488e-02
3.471159832189674166e-02
3.512601427752903849e-02
2.863779074349315223e-02
3.467226374579912562e-02
8.395431495730487637e-02
3.440937960090184600e-02
2.930804876357251398e-02
9.188033868378264746e-02
5.263812511456344989e-02
5.198891541336614353e-02
4.394835947175490531e-02
5.780267459953403186e-02
5.734719700108503737e-02
5.559524688245454094e-02
6.337617488463265225e-02
5.677273493586343367e-02
5.819926856329227238e-02
5.424273071476559682e-02
5.306317404210403321e-02
6.389156703723974928e-02
5.415934441565972701e-02
5.968694702967969334e-02
5.773217619314252591e-02
5.361765047980471266e-02
3.428992657737373051e-02
5.205510307840155448e-02
6.227349593139697159e-02
5.896301515419666295e-02
5.939735592932471331e-02
6.121160591822671915e-02
5.732321804052964431e-02
5.004250595482884201e-02
5.903839043335190606e-02
5.744151214328585553e-02
5.865990993767322692e-02
5.721630213758310823e-02
5.906461815162944440e-02
5.332623948102366285e-02
5.421698359856341742e-02
6.229265706248443557e-02
5.833291346960223223e-02
5.505895919566239360e-02
6.181002106969391008e-02
5.327391724848640209e-02
6.377783294743777365e-02
4.595767189939214958e-02
5.943375151848673266e-02
8.179972215830566551e-02
3.121008094032862168e-02
5.187485301763405943e-02
6.544317655685871760e-02
5.762275418527706972e-02
5.745937321494987149e-02
5.572477982543766473e-02
5.098477070045059900e-02
6.610119651187540413e-02
4.783008227546026170e-02
6.254674519901914920e-02
6.249103004247646975e-02
4.934728278187228145e-02
6.080134174173346118e-02
6.030501883322336720e-02
5.494375817099517167e-02
5.997574157652418858e-02
6.236970840629341151e-02
5.928203185950819964e-02
4.982710006098778344e-02
4.840726846318621490e-02
