8.636784110237027967e-02
6.489651849345678958e-02
2.024765754766721937e-02
2.339618808688748164e-02
2.271623914239573327e-02
2.202538786926400149e-02
6.101943271193355223e-02
1.995773829225433449e-02
4.657448795149587983e-02
1.657466334395680807e-01
6.666848161627847436e-02
6.838958635353642457e-02
4.086274501478404098e-02
4.347662537026231178e-02
4.502557471345847162e-02
4.367754488337205476e-02
4.086781348419998849e-02
8.246616916302285105e-02
1.060499216438259840e-01
8.771044259350002648e-02
4.599105169022210671e-02
4.551105524171028538e-02
4.231839493055999935e-02
6.593723581591215410e-02
6.553729791385598524e-02
6.030453032819493853e-02
4.183024352588793349e-02
4.656537553075845715e-02
4.386035245278407935e-02
4.299747556758393152e-02
3.960510451379206653e-02
5.695681759436799219e-02
6.307641155474652539e-02
4.241403418324829477e-02
8.627942097462004689e-02
8.834373924118743560e-02
5.904870626899216823e-02
3.941111330019997361e-02
6.537772266410013522e-02
6.755053783899045428e-02
4.260973296490733198e-02
4.241520369550000336e-02
6.584346086377956819e-02
3.950764640343984446e-02
3.950777884280953778e-02
3.980693512612487606e-02
5.982780919531738295e-02
3.571595847019093384e-02
7.989841636833527883e-02
7.396656323802119903e-02
1.926005871752323184e-02
5.888113998463362364e-02
8.173946898595829680e-02
4.300647437210491919e-02
4.386620977390720544e-02
6.376232834670092497e-02
4.202864013403195820e-02
8.552427839358001105e-02
6.486341898893888125e-02
6.268101007278714665e-02
8.167646314885601555e-02
4.115615988979215434e-02
5.917210991540000631e-02
6.300261471992496531e-02
4.233267280342001282e-02
6.221513575060888535e-02
5.857430443460032166e-02
5.809660211806566554e-02
4.134524331019839849e-02
4.222609388392961627e-02
